imagesource:GoogleEarth
gsd:0.255589285596
1054 1028 1063 1011 1111 1040 1112 1062 ship 1
807 331 800 324 817 309 823 316 ship 0
879 366 888 373 870 393 861 386 ship 0
862 384 855 377 873 356 882 363 ship 0
867 348 874 355 856 375 849 369 ship 0
840 362 832 354 850 335 859 343 ship 0
828 352 823 345 845 327 851 334 ship 0
823 344 817 335 839 317 847 326 ship 0
899 278 907 286 882 308 875 300 ship 0
891 269 899 276 875 300 867 292 ship 0
884 260 891 269 872 287 865 280 ship 0
876 253 884 260 862 283 855 276 ship 0
869 245 875 252 854 271 846 263 ship 0
862 238 869 245 848 262 842 254 ship 0
852 231 858 237 839 257 831 250 ship 0
816 337 809 329 835 306 841 314 ship 0
801 322 795 315 816 296 823 304 ship 0
853 401 861 409 839 431 831 424 ship 0
809 288 816 296 793 316 786 309 ship 0
385 595 394 604 367 634 357 624 ship 0
395 605 404 615 376 642 367 633 ship 0
404 616 413 626 383 653 375 643 ship 0
391 671 380 660 414 624 425 636 ship 0
423 637 431 644 404 678 395 669 ship 0
412 688 403 678 434 644 444 655 ship 0
444 654 453 663 423 696 414 687 ship 0
453 663 463 673 436 705 426 697 ship 0
441 717 432 707 460 677 470 687 ship 0
456 723 447 712 473 686 483 697 ship 0
482 697 491 707 464 729 456 720 ship 0
492 704 503 715 470 744 460 734 ship 0
503 715 513 724 481 754 472 743 ship 0
889 377 896 385 876 401 870 393 ship 0
862 409 870 416 851 436 843 428 ship 0
970 1153 979 1138 1029 1174 1010 1182 ship 1
922 447 915 440 936 420 943 427 ship 0
952 330 959 337 938 357 930 350 ship 0
939 315 944 321 925 338 919 332 ship 0
1009 531 1002 524 1023 503 1029 510 ship 0
1000 524 992 516 1012 495 1021 504 ship 0
991 516 983 508 1003 489 1010 497 ship 0
980 528 986 536 961 557 955 549 ship 0
970 519 977 526 949 552 942 543 ship 0
976 501 969 493 989 474 996 482 ship 0
970 491 964 484 984 465 991 472 ship 0
975 459 983 468 961 487 954 478 ship 0
953 478 946 472 965 453 971 460 ship 0
948 469 941 462 962 437 971 445 ship 0
951 432 959 440 938 463 931 455 ship 0
944 425 951 432 932 454 924 447 ship 0
916 439 908 430 928 411 936 419 ship 0
854 451 846 443 869 417 878 426 ship 0
908 431 902 424 920 407 926 413 ship 0
900 423 893 415 916 394 924 403 ship 0
890 416 885 408 905 390 911 399 ship 0
885 407 879 400 895 384 902 391 ship 0
962 511 968 518 944 541 936 533 ship 0
952 500 960 509 936 532 928 524 ship 0
944 494 950 502 927 523 920 516 ship 0
936 486 943 492 924 512 916 505 ship 0
919 470 927 478 904 500 896 492 ship 0
912 461 919 469 895 493 887 485 ship 0
903 453 910 462 886 485 879 477 ship 0
896 443 905 451 883 471 875 463 ship 0
886 436 894 445 872 468 864 460 ship 0
877 427 886 436 861 461 853 453 ship 0
510 726 520 736 491 766 482 756 ship 0
523 734 532 744 506 772 497 762 ship 0
537 755 548 764 520 795 509 785 ship 0
251 457 260 466 235 493 226 485 ship 0
299 720 290 710 320 681 329 692 ship 0
287 713 277 704 309 671 320 681 ship 0
277 704 268 695 298 661 308 673 ship 0
286 654 295 663 268 693 258 683 ship 0
257 682 247 673 270 648 281 658 ship 0
251 671 241 663 267 633 278 641 ship 0
239 662 230 653 259 621 268 631 ship 0
230 651 222 642 247 615 256 623 ship 0
221 641 213 633 242 600 250 609 ship 0
210 632 202 626 217 606 225 613 ship 0
200 623 191 614 214 589 223 597 ship 0
192 612 184 603 211 577 218 584 ship 0
182 601 173 591 200 565 208 576 ship 0
219 484 210 474 235 452 244 463 ship 0
243 504 234 495 260 467 269 476 ship 0
550 766 559 775 532 801 524 792 ship 0
270 478 278 488 250 513 242 504 ship 0
259 525 249 515 280 487 289 497 ship 0
299 509 308 519 274 550 265 540 ship 0
290 499 296 506 282 519 276 513 ship 0
307 518 316 525 295 551 286 544 ship 0
327 534 337 545 304 578 293 567 ship 0
338 547 347 555 322 580 314 572 ship 0
328 592 319 582 347 557 356 568 ship 0
336 607 326 597 355 568 365 577 ship 0
366 577 375 587 349 613 340 603 ship 0
691 822 699 831 670 861 660 852 ship 0
659 851 650 843 674 818 684 827 ship 0
650 842 642 834 668 806 677 814 ship 0
641 833 632 823 660 795 670 803 ship 0
305 731 298 724 316 705 324 713 ship 0
342 699 361 718 328 751 309 732 ship 0
336 762 329 754 359 722 367 731 ship 0
356 781 347 771 374 742 384 751 ship 0
559 775 568 784 540 819 529 809 ship 0
567 786 577 794 553 821 545 813 ship 0
577 795 587 804 559 833 550 824 ship 0
584 807 593 817 569 842 559 832 ship 0
600 814 609 824 579 850 571 840 ship 0
608 824 618 833 587 861 579 851 ship 0
618 834 627 844 597 873 589 863 ship 0
629 845 637 854 609 881 600 871 ship 0
619 894 609 883 639 854 649 864 ship 0
645 869 653 878 627 903 619 896 ship 0
574 935 583 946 551 977 541 969 ship 0
560 927 571 938 541 970 530 959 ship 0
531 959 520 951 544 924 554 933 ship 0
522 947 513 940 535 913 545 920 ship 0
527 902 537 911 510 940 501 932 ship 0
500 928 492 919 517 892 526 900 ship 0
492 919 484 911 505 887 514 895 ship 0
483 910 473 900 504 868 515 879 ship 0
489 862 499 873 473 901 462 891 ship 0
462 891 453 882 479 852 490 861 ship 0
452 882 444 872 469 845 478 853 ship 0
443 869 435 862 458 832 467 840 ship 0
434 862 425 853 447 824 458 833 ship 0
445 808 455 816 425 850 414 841 ship 0
413 841 404 831 434 800 443 809 ship 0
396 820 387 812 412 782 422 790 ship 0
401 771 412 780 384 813 374 803 ship 0
375 801 366 792 392 763 402 773 ship 0
366 791 356 783 382 754 392 763 ship 0
960 340 966 347 949 362 942 355 ship 0
974 352 983 360 961 385 951 377 ship 0
989 370 996 377 979 394 972 387 ship 0
617 136 609 127 632 108 641 117 ship 0
380 185 369 196 333 159 344 147 ship 0
393 174 382 183 344 144 353 134 ship 0
355 135 360 128 378 145 371 152 ship 0
419 160 407 173 361 127 372 116 ship 0
425 142 413 152 375 115 386 103 ship 0
427 124 417 133 387 105 397 93 ship 0
444 116 434 127 398 94 408 82 ship 0
469 91 459 100 429 67 440 57 ship 0
478 80 467 89 441 55 453 47 ship 0
506 74 492 86 453 44 467 31 ship 0
510 52 500 63 467 31 478 20 ship 0
526 44 515 56 477 18 488 7 ship 0
594 112 587 103 610 84 617 94 ship 0
601 120 595 112 618 93 626 102 ship 0
626 146 618 139 637 119 645 128 ship 0
324 849 314 837 351 800 361 811 ship 0
141 465 152 477 120 511 107 499 ship 0
150 573 142 564 164 537 174 546 ship 0
183 536 194 545 162 585 151 575 ship 0
187 558 195 567 171 592 162 584 ship 0
53 509 42 521 3 482 13 471 ship 0
47 530 32 543 1 507 1 482 ship 1
29 541 18 552 0 534 1 510 ship 1
236 762 224 748 260 712 272 724 ship 0
272 724 282 733 253 767 241 757 ship 0
284 735 295 746 261 780 250 768 ship 0
295 746 305 756 272 793 261 783 ship 0
307 755 318 766 286 799 276 789 ship 0
321 768 330 780 292 811 283 800 ship 0
329 780 340 790 301 828 291 817 ship 0
369 196 359 208 319 169 331 157 ship 0
357 212 347 222 307 181 317 169 ship 0
343 219 335 228 298 192 306 182 ship 0
323 222 314 230 287 200 296 192 ship 0
478 214 488 202 908 628 895 640 harbor 0
358 330 370 320 781 736 771 748 harbor 0
241 447 253 435 663 856 652 866 harbor 0
118 566 130 554 542 975 531 986 harbor 0
117 630 107 618 140 588 150 599 ship 0
90 616 79 603 117 567 128 578 ship 0
136 658 125 646 161 610 173 622 ship 0
173 622 183 632 150 667 139 656 ship 0
156 683 144 671 183 633 196 646 ship 0
196 646 206 656 171 692 160 680 ship 0
206 656 216 666 176 709 165 697 ship 0
216 666 227 676 198 712 186 701 ship 0
227 678 238 689 206 728 194 716 ship 0
224 731 212 721 239 689 250 701 ship 0
250 701 260 712 230 742 220 731 ship 0
155 399 144 411 108 376 119 365 ship 0
163 383 154 394 121 365 131 354 ship 0
179 373 170 383 130 352 140 340 ship 0
182 359 175 369 141 341 150 330 ship 0
204 359 193 370 153 328 164 317 ship 0
223 347 211 359 169 321 180 309 ship 0
185 301 194 291 229 324 220 334 ship 0
247 321 233 331 198 287 211 278 ship 0
255 296 245 306 210 274 221 263 ship 0
264 282 256 291 225 260 233 251 ship 0
246 243 254 232 285 259 277 269 ship 0
308 258 297 270 255 232 265 220 ship 0
303 237 294 245 269 219 277 210 ship 0
312 228 304 237 277 210 285 201 ship 0
340 789 350 801 314 837 305 826 ship 0
361 811 372 822 337 859 326 848 ship 0
1004 384 1012 392 989 412 982 405 ship 0
999 931 986 944 944 896 956 884 ship 0
792 1017 783 1025 754 999 763 989 ship 0
769 989 777 979 802 1005 795 1013 ship 0
813 1074 804 1083 776 1054 786 1045 ship 0
795 1088 798 1077 830 1088 827 1099 ship 0
805 1101 812 1094 833 1114 824 1122 ship 0
835 988 849 974 895 1021 883 1034 ship 0
838 1040 849 1030 884 1064 873 1075 ship 0
782 1022 798 1010 850 1070 835 1083 ship 0
884 1064 894 1064 895 1083 886 1084 ship 0
923 979 914 989 871 951 882 939 ship 0
885 937 897 928 940 973 930 983 ship 0
900 928 913 918 948 961 936 971 ship 0
964 950 952 961 912 917 924 906 ship 0
981 940 969 952 926 906 939 893 ship 0
1008 912 997 924 952 881 962 868 ship 0
372 822 383 833 349 870 339 860 ship 0
964 864 976 853 1013 890 1003 902 ship 0
1034 883 1023 897 973 851 984 839 ship 0
1052 872 1040 888 986 839 999 825 ship 0
1001 826 1012 814 1052 852 1042 863 ship 0
1016 816 1030 803 1071 844 1058 856 ship 0
1078 831 1068 841 1034 804 1044 794 ship 0
1039 789 1048 778 1085 813 1075 823 ship 0
1101 804 1093 816 1049 778 1058 766 ship 0
1062 765 1073 754 1104 787 1094 796 ship 0
1071 453 1078 461 1054 484 1046 477 ship 0
1056 437 1063 444 1042 464 1034 456 ship 0
1035 416 1043 424 1024 444 1015 436 ship 0
1024 409 1032 415 1013 441 1005 435 ship 0
1020 399 1028 407 1006 428 997 419 ship 0
807 938 814 930 836 953 828 960 ship 0
815 920 823 911 854 941 845 950 ship 0
795 941 785 929 814 902 824 912 ship 0
782 892 774 898 754 874 762 868 ship 0
384 833 394 844 359 880 350 870 ship 0
395 845 405 855 371 889 361 879 ship 0
403 857 414 868 381 900 371 890 ship 0
414 867 425 878 394 909 383 898 ship 0
403 927 392 914 426 881 436 894 ship 0
413 937 403 927 439 892 448 901 ship 0
428 944 417 932 448 902 460 914 ship 0
460 914 471 924 435 965 423 952 ship 0
449 970 439 960 471 925 482 936 ship 0
482 936 493 946 457 986 446 976 ship 0
493 947 504 958 470 994 458 984 ship 0
513 971 523 980 492 1014 481 1003 ship 0
503 962 513 971 481 1003 472 993 ship 0
503 1026 492 1016 526 981 536 992 ship 0
546 1074 535 1086 486 1042 498 1029 ship 0
335 1062 343 1069 314 1098 306 1090 ship 0
360 1054 374 1068 322 1120 309 1105 ship 0
284 1072 275 1065 293 1042 303 1050 ship 0
245 1131 238 1124 255 1106 262 1112 ship 0
361 1085 370 1097 329 1131 321 1120 ship 0
389 1115 397 1127 346 1161 338 1148 ship 0
394 1131 403 1145 355 1175 345 1163 ship 0
404 1146 413 1161 379 1182 349 1182 ship 1
696 1043 701 1051 677 1067 671 1060 ship 0
633 967 646 959 679 1004 668 1013 ship 0
652 953 663 944 697 984 687 994 ship 0
673 936 686 926 714 961 701 971 ship 0
782 925 772 915 800 886 810 896 ship 0
795 884 787 893 755 862 765 852 ship 0
631 822 622 813 648 785 658 795 ship 0
620 812 611 803 641 772 651 781 ship 0
611 802 603 794 631 764 639 773 ship 0
613 327 605 321 631 294 640 302 ship 0
776 493 769 485 791 461 799 468 ship 0
767 485 760 478 780 455 788 463 ship 0
760 478 753 470 772 449 779 456 ship 0
753 469 745 462 766 439 774 446 ship 0
744 461 735 452 757 429 767 438 ship 0
728 446 720 438 743 413 752 420 ship 0
718 435 712 429 736 405 742 412 ship 0
725 395 735 402 712 428 703 419 ship 0
703 417 694 407 720 385 728 393 ship 0
697 362 704 371 677 396 668 388 ship 0
663 379 654 370 677 343 687 353 ship 0
653 370 646 362 665 342 672 349 ship 0
646 362 637 353 660 328 669 337 ship 0
638 304 647 312 622 335 614 327 ship 0
620 290 628 297 604 319 597 312 ship 0
639 161 634 153 660 135 666 144 ship 0
596 311 589 304 612 282 618 289 ship 0
588 300 582 293 607 270 614 277 ship 0
600 261 607 268 582 292 576 285 ship 0
558 150 550 143 576 117 583 125 ship 0
593 133 600 140 583 157 576 150 ship 0
600 143 607 149 587 169 580 162 ship 0
631 176 640 185 617 210 609 202 ship 0
641 186 649 194 627 219 618 211 ship 0
651 195 659 204 635 226 626 219 ship 0
665 211 672 218 648 240 641 234 ship 0
673 218 681 227 658 249 649 241 ship 0
688 234 699 244 673 274 662 264 ship 0
692 281 684 272 706 252 713 260 ship 0
714 261 721 269 699 290 692 282 ship 0
799 471 807 479 785 503 777 494 ship 0
796 510 787 501 810 476 819 486 ship 0
809 527 801 519 819 498 828 507 ship 0
831 504 840 512 820 535 810 526 ship 0
662 403 671 413 644 440 635 431 ship 0
662 460 653 448 681 423 691 433 ship 0
674 468 665 459 692 432 700 442 ship 0
680 486 671 476 700 444 709 452 ship 0
711 453 720 462 695 487 686 477 ship 0
715 464 726 472 701 506 690 496 ship 0
713 508 705 497 730 472 741 483 ship 0
740 482 749 492 721 519 711 510 ship 0
749 491 759 502 730 531 720 521 ship 0
742 535 732 524 759 501 767 512 ship 0
754 548 744 539 771 511 780 520 ship 0
779 522 788 531 763 557 753 548 ship 0
768 571 759 559 789 531 799 542 ship 0
777 581 769 570 799 542 808 551 ship 0
808 551 817 561 794 587 784 577 ship 0
798 599 790 589 818 561 827 571 ship 0
827 571 837 581 803 612 794 601 ship 0
823 611 817 604 840 584 846 591 ship 0
847 591 856 601 828 630 818 619 ship 0
866 611 876 621 846 650 837 640 ship 0
876 621 885 631 857 658 849 649 ship 0
914 587 923 593 902 619 894 610 ship 0
886 538 893 530 915 549 907 558 ship 0
877 595 867 587 891 560 901 569 ship 0
867 586 859 578 882 550 892 559 ship 0
858 578 850 569 869 548 878 555 ship 0
850 569 842 560 865 537 873 545 ship 0
834 552 826 545 846 525 853 533 ship 0
826 544 818 537 840 511 850 520 ship 0
630 152 626 144 650 128 655 136 ship 0
656 175 649 167 671 148 677 156 ship 0
643 383 651 391 623 419 616 410 ship 0
232 908 244 920 211 954 201 943 ship 0
51 716 73 737 31 777 11 755 ship 0
64 746 74 757 42 787 31 777 ship 0
78 756 89 768 54 801 43 788 ship 0
99 777 109 787 75 821 65 810 ship 0
114 786 124 796 86 833 78 823 ship 0
120 802 130 812 97 845 87 835 ship 0
136 808 147 820 109 856 99 846 ship 0
118 864 111 858 131 837 138 844 ship 0
163 842 175 851 139 889 128 878 ship 0
175 855 186 864 150 899 141 889 ship 0
182 870 192 880 162 911 152 900 ship 0
191 882 199 891 172 922 161 913 ship 0
206 886 219 898 188 932 175 920 ship 0
218 898 229 909 200 944 188 932 ship 0
243 922 252 930 217 968 206 958 ship 0
663 183 656 175 678 157 685 165 ship 0
226 980 215 971 244 940 254 951 ship 0
263 941 276 952 239 991 227 980 ship 0
280 950 292 962 250 1003 239 992 ship 0
286 970 297 983 261 1014 252 1003 ship 0
304 997 312 1006 279 1034 271 1025 ship 0
1054 1048 1062 1032 1110 1060 1104 1074 ship 0
1048 1064 1053 1050 1106 1078 1099 1092 ship 0
1032 1075 1042 1059 1093 1091 1086 1106 ship 0
1027 1089 1034 1076 1083 1107 1076 1119 ship 0
1009 1100 1018 1084 1071 1118 1064 1132 ship 0
999 1115 1007 1099 1063 1136 1055 1149 ship 0
1051 1151 1045 1162 1005 1137 1012 1125 ship 0
1041 1164 1034 1176 982 1141 991 1127 ship 0
950 1161 960 1147 1008 1182 978 1182 ship 1
742 115 748 120 724 146 717 139 ship 0
750 122 756 129 731 151 726 144 ship 0
757 132 762 139 737 161 731 154 ship 0
762 140 770 147 748 171 740 165 ship 0
673 192 665 186 679 168 687 174 ship 0
687 207 680 198 701 179 709 187 ship 0
707 189 714 196 695 214 689 208 ship 0
710 229 703 221 722 202 730 210 ship 0
733 210 741 217 717 239 710 231 ship 0
743 217 750 224 727 245 719 238 ship 0
741 262 733 253 756 232 764 240 ship 0
748 267 741 261 764 241 769 247 ship 0
754 277 747 270 770 247 778 256 ship 0
762 283 755 276 777 257 782 264 ship 0
786 261 795 270 770 293 762 284 ship 0
777 301 770 293 793 272 800 281 ship 0
787 307 781 299 800 282 806 291 ship 0
722 268 730 276 709 298 700 290 ship 0
730 276 738 283 717 306 709 298 ship 0
740 284 747 293 726 313 717 305 ship 0
748 294 755 301 735 320 729 312 ship 0
755 301 763 309 742 333 732 324 ship 0
778 325 787 334 764 358 755 348 ship 0
787 337 795 345 776 364 769 357 ship 0
795 345 802 351 783 373 775 367 ship 0
802 352 811 359 792 382 783 375 ship 0
797 390 790 382 813 360 821 369 ship 0
821 370 828 377 806 397 799 390 ship 0
829 377 838 386 813 408 805 398 ship 0
845 391 852 399 828 420 822 412 ship 0
788 163 794 170 776 185 771 178 ship 0
766 184 759 177 778 154 786 161 ship 0
771 147 778 153 756 178 749 171 ship 0
650 394 659 402 633 430 624 422 ship 0
631 374 640 384 611 413 602 404 ship 0
602 793 592 783 623 752 633 761 ship 0
573 548 581 556 556 583 549 576 ship 0
417 391 426 400 394 427 386 416 ship 0
427 400 437 411 400 442 392 430 ship 0
437 412 446 421 416 450 407 441 ship 0
424 465 414 455 446 420 458 431 ship 0
458 430 465 438 439 466 432 458 ship 0
475 451 484 460 455 491 446 482 ship 0
489 459 500 471 465 505 455 495 ship 0
507 478 515 487 487 516 478 507 ship 0
497 528 488 518 515 489 525 499 ship 0
526 500 534 509 509 533 500 525 ship 0
535 509 544 518 513 549 504 540 ship 0
545 521 553 531 523 559 515 549 ship 0
553 532 561 540 537 566 528 558 ship 0
563 539 572 548 548 574 539 567 ship 0
562 598 553 588 584 558 593 569 ship 0
748 726 757 734 725 768 717 758 ship 0
574 606 566 597 593 570 602 579 ship 0
602 579 611 588 585 616 576 607 ship 0
614 589 622 595 608 612 601 606 ship 0
623 598 632 607 603 633 595 623 ship 0
636 608 643 618 610 644 603 634 ship 0
642 618 649 626 625 652 617 643 ship 0
651 627 659 636 631 663 623 653 ship 0
644 669 636 664 659 637 666 644 ship 0
672 648 681 659 650 683 641 671 ship 0
686 658 692 666 660 693 653 685 ship 0
670 709 660 698 689 670 699 679 ship 0
710 687 719 695 692 721 684 712 ship 0
721 698 729 706 700 735 692 728 ship 0
731 708 740 716 711 747 701 738 ship 0
408 380 417 389 391 413 383 404 ship 0
400 369 408 378 379 407 371 398 ship 0
390 359 399 367 369 398 360 389 ship 0
380 350 389 359 355 391 347 382 ship 0
593 782 584 774 613 744 621 752 ship 0
583 773 573 763 599 736 611 747 ship 0
572 762 564 754 588 728 596 735 ship 0
589 709 597 719 564 750 555 740 ship 0
545 734 534 724 564 693 575 704 ship 0
534 723 525 715 552 686 562 697 ship 0
525 712 516 702 546 674 555 684 ship 0
516 702 506 692 538 661 548 670 ship 0
506 692 496 683 526 651 536 662 ship 0
495 682 485 670 512 645 521 656 ship 0
476 663 468 655 495 624 505 634 ship 0
482 619 492 627 467 655 459 646 ship 0
455 642 447 633 475 606 484 614 ship 0
470 592 479 601 447 633 438 622 ship 0
437 622 429 613 454 588 463 598 ship 0
417 602 409 595 430 573 438 581 ship 0
410 592 401 583 430 556 440 565 ship 0
399 585 389 575 417 548 427 558 ship 0
389 575 379 565 413 529 424 539 ship 0
380 564 370 555 396 525 407 535 ship 0
361 545 351 536 378 506 389 516 ship 0
350 534 340 524 367 500 376 509 ship 0
331 515 322 505 351 474 363 484 ship 0
320 503 313 496 341 468 348 475 ship 0
330 458 339 468 312 495 302 485 ship 0
300 484 292 474 320 442 332 453 ship 0
284 466 274 456 300 427 310 439 ship 0
364 331 371 340 348 356 341 348 ship 0
371 338 380 349 349 377 341 368 ship 0
740 717 748 726 718 755 711 747 ship 0
736 769 730 760 759 736 766 746 ship 0
613 352 623 362 590 394 581 384 ship 0
548 261 539 253 559 228 569 236 ship 0
449 398 440 390 464 358 475 365 ship 0
461 344 471 352 441 385 431 375 ship 0
430 376 422 368 446 343 455 351 ship 0
422 367 412 358 439 331 449 339 ship 0
411 358 402 349 430 319 440 328 ship 0
402 347 393 338 423 308 432 316 ship 0
394 335 385 327 409 298 420 308 ship 0
400 289 410 298 382 328 371 318 ship 0
477 215 486 225 457 251 450 241 ship 0
498 210 491 202 516 177 524 185 ship 0
506 216 499 208 526 185 532 193 ship 0
528 192 537 199 514 227 505 220 ship 0
520 235 514 228 531 211 538 220 ship 0
532 241 524 233 547 210 555 217 ship 0
557 267 549 259 572 234 581 242 ship 0
744 788 732 776 765 744 777 756 ship 0
507 244 515 252 486 280 479 272 ship 0
498 290 489 282 514 255 522 264 ship 0
525 264 534 274 507 302 497 293 ship 0
535 274 544 283 516 313 508 304 ship 0
543 286 551 294 527 322 518 314 ship 0
554 293 563 303 535 332 526 323 ship 0
564 277 557 270 578 246 587 254 ship 0
572 286 564 278 585 257 593 266 ship 0
540 347 530 336 564 303 574 313 ship 0
575 314 584 324 556 349 548 339 ship 0
584 325 592 334 563 359 556 350 ship 0
594 333 601 343 574 367 567 357 ship 0
586 378 576 367 605 342 613 352 ship 0
622 363 630 373 601 403 592 393 ship 0
458 409 450 400 478 373 486 381 ship 0
468 418 459 410 489 378 500 387 ship 0
490 397 498 403 480 423 473 416 ship 0
488 437 479 427 509 398 517 408 ship 0
810 702 819 711 791 743 781 735 ship 0
799 694 809 704 779 734 770 725 ship 0
788 685 798 694 770 724 761 716 ship 0
778 673 789 682 761 715 750 705 ship 0
772 660 782 668 750 703 740 693 ship 0
741 692 733 685 761 654 770 662 ship 0
751 645 761 653 734 681 725 672 ship 0
738 640 746 648 721 673 714 665 ship 0
727 631 736 640 714 664 704 655 ship 0
715 604 725 613 694 645 684 635 ship 0
683 636 674 626 700 599 711 609 ship 0
674 624 665 613 693 585 703 596 ship 0
684 576 692 586 662 616 653 606 ship 0
654 604 644 595 670 568 680 576 ship 0
645 594 636 585 662 555 672 565 ship 0
635 586 627 579 651 547 659 554 ship 0
642 541 650 549 624 577 615 567 ship 0
631 516 649 534 614 566 597 547 ship 0
600 539 594 532 616 511 622 518 ship 0
586 536 577 526 603 500 613 510 ship 0
595 485 605 494 577 525 567 517 ship 0
567 515 558 505 584 479 592 487 ship 0
574 467 585 476 556 507 546 497 ship 0
563 459 573 467 546 497 537 487 ship 0
537 486 530 477 560 448 567 456 ship 0
548 437 558 445 529 478 519 467 ship 0
533 435 540 444 520 465 511 456 ship 0
525 417 536 426 510 456 499 446 ship 0
518 407 526 415 499 444 491 436 ship 0
573 117 585 107 1003 530 993 540 harbor 0
