imagesource:GoogleEarth
gsd:0.283767057345
825 2336 833 2344 785 2382 778 2372 large-vehicle 0
1591 242 1616 242 1616 270 1591 270 storage-tank 0
1646 270 1670 270 1670 299 1646 299 storage-tank 0
1621 299 1654 299 1654 334 1621 334 storage-tank 0
1601 330 1621 330 1621 351 1601 351 storage-tank 0
1577 319 1599 319 1599 341 1577 341 storage-tank 0
1582 281 1616 281 1616 316 1582 316 storage-tank 0
1618 256 1643 256 1643 284 1618 284 storage-tank 0
1554 307 1575 307 1575 331 1554 331 storage-tank 0
1561 229 1588 229 1588 256 1561 256 storage-tank 0
1477 1033 1496 1033 1496 1053 1477 1053 storage-tank 0
1543 261 1578 261 1578 297 1543 297 storage-tank 0
1530 296 1551 296 1551 318 1530 318 storage-tank 0
1551 211 1566 211 1566 226 1551 226 storage-tank 0
1541 222 1556 222 1556 238 1541 238 storage-tank 0
1530 243 1544 243 1544 258 1530 258 storage-tank 0
1520 264 1536 264 1536 281 1520 281 storage-tank 0
1510 285 1526 285 1526 302 1510 302 storage-tank 0
1474 1053 1486 1053 1486 1066 1474 1066 storage-tank 1
1487 1013 1507 1013 1507 1034 1487 1034 storage-tank 0
1206 830 1231 830 1231 856 1206 856 storage-tank 0
1545 865 1578 865 1578 898 1545 898 storage-tank 0
1471 1878 1528 1878 1528 1935 1471 1935 storage-tank 0
1564 2018 1662 2018 1662 2120 1564 2120 storage-tank 0
1462 1971 1561 1971 1561 2068 1462 2068 storage-tank 0
1616 756 1645 756 1645 784 1616 784 storage-tank 0
1604 783 1633 783 1633 814 1604 814 storage-tank 0
1586 801 1607 801 1607 824 1586 824 storage-tank 0
1541 762 1565 762 1565 786 1541 786 storage-tank 0
1507 847 1541 847 1541 882 1507 882 storage-tank 0
1475 976 1497 976 1497 999 1475 999 storage-tank 0
1531 900 1561 900 1561 931 1531 931 storage-tank 0
1519 934 1546 934 1546 962 1519 962 storage-tank 0
1496 884 1528 884 1528 915 1496 915 storage-tank 0
1487 918 1517 918 1517 947 1487 947 storage-tank 0
1509 962 1533 962 1533 986 1509 986 storage-tank 0
1481 947 1506 947 1506 973 1481 973 storage-tank 0
1500 987 1521 987 1521 1009 1500 1009 storage-tank 0
1224 748 1250 748 1250 775 1224 775 storage-tank 0
1189 909 1216 909 1216 935 1189 935 storage-tank 0
1265 2226 1256 2220 1277 2172 1287 2176 large-vehicle 0
906 589 931 589 931 615 906 615 storage-tank 0
1196 935 1265 935 1265 1007 1196 1007 storage-tank 0
1212 855 1282 855 1282 927 1212 927 storage-tank 0
1228 778 1299 778 1299 849 1228 849 storage-tank 0
1246 696 1316 696 1316 769 1246 769 storage-tank 0
1262 615 1334 615 1334 689 1262 689 storage-tank 0
1281 537 1351 537 1351 609 1281 609 storage-tank 0
1296 457 1368 457 1368 529 1296 529 storage-tank 0
837 385 864 385 864 411 837 411 storage-tank 0
1312 907 1367 907 1367 963 1312 963 storage-tank 0
712 35 737 35 737 61 712 61 storage-tank 0
1035 1149 1045 1149 1047 1206 1036 1206 large-vehicle 0
168 1751 186 1756 169 1851 149 1846 ship 0
435 1092 479 1092 479 1138 435 1138 storage-tank 0
468 1022 512 1022 512 1066 468 1066 storage-tank 0
418 1040 461 1040 461 1084 418 1084 storage-tank 0
451 965 495 965 495 1012 451 1012 storage-tank 0
1300 969 1353 969 1353 1024 1300 1024 storage-tank 0
1327 846 1381 846 1381 902 1327 902 storage-tank 0
1590 473 1607 473 1607 490 1590 490 storage-tank 0
1448 613 1505 613 1505 669 1448 669 storage-tank 0
1592 453 1610 453 1610 471 1592 471 storage-tank 0
1510 439 1584 439 1584 514 1510 514 storage-tank 0
1473 438 1508 438 1508 474 1473 474 storage-tank 0
1502 513 1539 513 1539 552 1502 552 storage-tank 0
1413 466 1486 466 1486 537 1413 537 storage-tank 0
1463 554 1517 554 1517 607 1463 607 storage-tank 0
1393 541 1447 541 1447 594 1393 594 storage-tank 0
1380 599 1433 599 1433 656 1380 656 storage-tank 0
1385 921 1439 921 1439 976 1385 976 storage-tank 0
1436 675 1490 675 1490 729 1436 729 storage-tank 0
1365 661 1420 661 1420 718 1365 718 storage-tank 0
1422 737 1477 737 1477 791 1422 791 storage-tank 0
1353 722 1407 722 1407 778 1353 778 storage-tank 0
1409 797 1465 797 1465 852 1409 852 storage-tank 0
1339 785 1394 785 1394 839 1339 839 storage-tank 0
1397 858 1449 858 1449 914 1397 914 storage-tank 0
1528 1901 1590 1901 1590 1965 1528 1965 storage-tank 0
1503 1811 1561 1811 1561 1867 1503 1867 storage-tank 0
1561 1833 1623 1833 1623 1898 1561 1898 storage-tank 0
1774 351 1787 351 1787 365 1774 365 storage-tank 1
1950 1920 2011 1920 2011 1985 1950 1985 storage-tank 0
1702 537 1714 537 1714 550 1702 550 storage-tank 1
1689 531 1703 531 1703 544 1689 544 storage-tank 1
1678 526 1690 526 1690 537 1678 537 storage-tank 1
1769 374 1786 374 1786 393 1769 393 storage-tank 0
1787 358 1800 358 1800 372 1787 372 storage-tank 1
1796 337 1809 337 1809 350 1796 350 storage-tank 1
1783 331 1796 331 1796 344 1783 344 storage-tank 1
1974 1862 2036 1862 2036 1925 1974 1925 storage-tank 0
1750 397 1771 397 1771 421 1750 421 storage-tank 0
1751 366 1768 366 1768 385 1751 385 storage-tank 0
1762 345 1774 345 1774 359 1762 359 storage-tank 1
1769 324 1782 324 1782 338 1769 338 storage-tank 1
1749 338 1762 338 1762 352 1749 352 storage-tank 1
1756 317 1768 317 1768 331 1756 331 storage-tank 1
1729 387 1750 387 1750 409 1729 409 storage-tank 0
1917 1833 1981 1833 1981 1899 1917 1899 storage-tank 0
2144 477 2180 477 2180 514 2144 514 storage-tank 0
1545 1732 1598 1732 1598 1788 1545 1788 storage-tank 0
2596 1479 2655 1506 2498 1823 2447 1795 ship 0
1281 2134 1290 2137 1272 2177 1265 2173 large-vehicle 0
2587 777 2596 781 2579 813 2570 808 large-vehicle 0
2648 659 2656 663 2639 696 2631 692 large-vehicle 0
2611 729 2621 734 2604 768 2594 762 large-vehicle 0
2705 1262 2736 1277 2655 1448 2621 1432 ship 0
2446 1895 2474 1913 2396 2058 2368 2040 ship 0
2363 2047 2335 2034 2411 1885 2440 1898 ship 0
2281 2139 2331 2162 2207 2413 2149 2414 ship 0
2126 514 2161 514 2161 548 2126 548 storage-tank 0
2223 426 2246 426 2246 448 2223 448 storage-tank 0
2201 413 2223 413 2223 436 2201 436 storage-tank 0
2179 401 2199 401 2199 422 2179 422 storage-tank 0
2183 498 2217 498 2217 531 2183 531 storage-tank 0
2165 533 2200 533 2200 568 2165 568 storage-tank 0
2200 460 2234 460 2234 496 2200 496 storage-tank 0
2161 441 2196 441 2196 476 2161 476 storage-tank 0
1733 358 1751 358 1751 376 1733 376 storage-tank 0
1736 332 1748 332 1748 346 1736 346 storage-tank 1
1744 311 1756 311 1756 325 1744 325 storage-tank 1
1774 2022 1836 2022 1836 2088 1774 2088 storage-tank 0
1596 1751 1657 1751 1657 1817 1596 1817 storage-tank 0
1871 1984 1933 1984 1933 2049 1871 2049 storage-tank 0
1809 1953 1871 1953 1871 2020 1809 2020 storage-tank 0
1747 1923 1809 1923 1809 1989 1747 1989 storage-tank 0
1684 1893 1747 1893 1747 1959 1684 1959 storage-tank 0
1623 1862 1685 1862 1685 1929 1623 1929 storage-tank 0
1836 2052 1897 2052 1897 2117 1836 2117 storage-tank 0
1713 1995 1774 1995 1774 2060 1713 2060 storage-tank 0
1723 327 1735 327 1735 341 1723 341 storage-tank 1
1651 1962 1713 1962 1713 2028 1651 2028 storage-tank 0
1590 1932 1651 1932 1651 1996 1590 1996 storage-tank 0
1763 2118 1862 2118 1862 2216 1763 2216 storage-tank 0
1665 2070 1761 2070 1761 2168 1665 2168 storage-tank 0
1668 2306 1719 2306 1719 2358 1668 2358 storage-tank 0
1635 2279 1670 2279 1670 2316 1635 2316 storage-tank 0
1575 1672 1628 1672 1628 1727 1575 1727 storage-tank 0
1654 1780 1717 1780 1717 1845 1654 1845 storage-tank 0
1622 1692 1687 1692 1687 1754 1622 1754 storage-tank 0
1681 1721 1745 1721 1745 1784 1681 1784 storage-tank 0
1740 1746 1803 1746 1803 1814 1740 1814 storage-tank 0
1708 378 1729 378 1729 400 1708 400 storage-tank 0
1716 350 1733 350 1733 367 1716 367 storage-tank 0
1730 305 1742 305 1742 319 1730 319 storage-tank 1
1685 367 1708 367 1708 391 1685 391 storage-tank 0
1698 341 1716 341 1716 360 1698 360 storage-tank 0
1709 321 1722 321 1722 336 1709 336 storage-tank 0
1716 299 1728 299 1728 312 1716 312 storage-tank 1
1672 285 1697 285 1697 310 1672 310 storage-tank 0
1674 324 1697 324 1697 348 1674 348 storage-tank 0
1888 1894 1951 1894 1951 1958 1888 1958 storage-tank 0
1859 1803 1922 1803 1922 1871 1859 1871 storage-tank 0
1829 1866 1893 1866 1893 1932 1829 1932 storage-tank 0
1800 1775 1865 1775 1865 1841 1800 1841 storage-tank 0
1769 1836 1836 1836 1836 1904 1769 1904 storage-tank 0
1711 1810 1775 1810 1775 1875 1711 1875 storage-tank 0
398 985 443 985 443 1030 398 1030 storage-tank 0
